procs -----------memory---------- ---swap-- -----io---- -system-- ------cpu----- -----timestamp-----
 r  b   swpd   free   buff  cache   si   so    bi    bo   in   cs us sy id wa st                 UTC
 3  0  91848 474036 378696 3957104    0    0    13    24    2   12  1  0 99  0  0 2023-04-02 08:02:18
 0  0  91848 474036 378696 3957208    0    0     0     0  375  680  0  0 100  0  0 2023-04-02 08:02:19
 0  0  91848 474036 378696 3957208    0    0     0     0  313  580  0  0 100  0  0 2023-04-02 08:02:20
 0  0  91848 474036 378696 3957208    0    0     0     0  382  682  0  0 100  0  0 2023-04-02 08:02:21
 0  0  91848 474036 378696 3957208    0    0     0     0  386  706  0  0 100  0  0 2023-04-02 08:02:22
 0  0  91848 474036 378696 3957208    0    0     0     0  715 1284  1  1 99  0  0 2023-04-02 08:02:23
 0  0  91848 474036 378700 3957208    0    0     0    72  413  713  0  0 99  0  0 2023-04-02 08:02:24
 0  0  91848 474036 378700 3957208    0    0     0     0  332  601  0  0 100  0  0 2023-04-02 08:02:25
 0  0  91848 473784 378700 3957216    0    0     0     8  338  607  0  1 100  0  0 2023-04-02 08:02:26
 0  0  91848 478668 378700 3957252    0    0     0     0 3202 5675  2  2 96  0  0 2023-04-02 08:02:27
 0  0  91848 478668 378700 3957252    0    0     0     0  678 1243  0  0 100  0  0 2023-04-02 08:02:28
 0  0  91848 478668 378700 3957252    0    0     0    24  676 1224  0  0 100  0  0 2023-04-02 08:02:29
 0  0  91848 478668 378700 3957252    0    0     0     0  508  895  0  0 100  0  0 2023-04-02 08:02:30
 0  0  91848 478668 378700 3957252    0    0     0     0  770 1385  0  1 99  0  0 2023-04-02 08:02:31
 0  0  91848 478668 378700 3957240    0    0     0     4  920 1637  0  1 99  0  0 2023-04-02 08:02:32
 0  0  91848 478668 378700 3957240    0    0     0     0  596 1062  1  0 99  0  0 2023-04-02 08:02:33
 0  0  91848 478668 378704 3957240    0    0     0    24  446  800  0  0 100  0  0 2023-04-02 08:02:34
 1  0  91848 478816 378704 3957240    0    0     0     0 1292  963 18  1 81  0  0 2023-04-02 08:02:35
 1  0  91848 474836 378704 3957240    0    0     0     0 1329  579 25  0 75  0  0 2023-04-02 08:02:36
 0  0  91848 474836 378704 3957240    0    0     0     0 1502 1820 12  0 87  0  0 2023-04-02 08:02:37
 1  0  91848 474836 378704 3957240    0    0     0     0  997 1734  1  1 98  0  0 2023-04-02 08:02:38
procs -----------memory---------- ---swap-- -----io---- -system-- ------cpu----- -----timestamp-----
 r  b   swpd   free   buff  cache   si   so    bi    bo   in   cs us sy id wa st                 UTC
 3  0  91848 474984 378708 3957240    0    0     0    16 1477  865 25  0 75  0  0 2023-04-02 08:02:39
 1  0  91848 474336 378708 3957240    0    0     0     0 2196 2032 28  1 72  0  0 2023-04-02 08:02:40
 1  0  91848 474336 378708 3957240    0    0     0    60 1325  550 25  0 75  0  0 2023-04-02 08:02:41
 1  0  91848 474336 378708 3957232    0    0     0     0 1421  746 25  0 75  0  0 2023-04-02 08:02:42
 1  0  91848 474336 378708 3957232    0    0     0     0 1445  790 25  0 75  0  0 2023-04-02 08:02:43
 1  0  91848 474336 378712 3957232    0    0     0    16 1523  957 25  0 75  0  0 2023-04-02 08:02:44
 1  0  91848 474336 378712 3957232    0    0     0     0 1338  576 25  0 75  0  0 2023-04-02 08:02:45
 1  0  91848 474336 378712 3957232    0    0     0     0 2527 2954 25  1 74  0  0 2023-04-02 08:02:46
 3  0  91848 474336 378712 3957232    0    0     0     0 1382  692 25  0 75  0  0 2023-04-02 08:02:47
 1  0  91848 474336 378712 3957232    0    0     0     0 1396  717 25  0 75  0  0 2023-04-02 08:02:48
 1  0  91848 474336 378720 3957224    0    0     0    16 1888 1683 25  1 74  0  0 2023-04-02 08:02:49
 1  0  91848 474336 378720 3957224    0    0     0     0 1354  608 25  0 75  0  0 2023-04-02 08:02:50
 1  0  91848 474336 378720 3957236    0    0     0     0 1624 1186 25  0 75  0  0 2023-04-02 08:02:51
 1  0  91848 474336 378720 3957236    0    0     0     0 1339  591 25  0 75  0  0 2023-04-02 08:02:52
 3  0  91848 474336 378720 3957244    0    0     0     0 2366 2709 25  1 74  0  0 2023-04-02 08:02:53
 1  0  91848 474336 378724 3957256    0    0     0    16 1379  691 25  0 75  0  0 2023-04-02 08:02:54
 1  0  91848 474336 378724 3957260    0    0     0     0 1328  576 25  0 75  0  0 2023-04-02 08:02:55
 1  0  91848 474336 378724 3957260    0    0     0     0 1615 1068 25  1 75  0  0 2023-04-02 08:02:56
 1  0  91848 474336 378724 3957260    0    0     0    12 1331  587 25  0 75  0  0 2023-04-02 08:02:57
 1  0  91848 474336 378724 3957268    0    0     0     0 2336 2675 26  0 74  0  0 2023-04-02 08:02:58
 1  0  91848 474336 378724 3957268    0    0     0    24 1591 1097 25  0 75  0  0 2023-04-02 08:02:59
procs -----------memory---------- ---swap-- -----io---- -system-- ------cpu----- -----timestamp-----
 r  b   swpd   free   buff  cache   si   so    bi    bo   in   cs us sy id wa st                 UTC
 4  0  91848 474336 378724 3957268    0    0     0     0 1492  903 25  0 75  0  0 2023-04-02 08:03:00
 1  0  91848 474084 378724 3957272    0    0     0     0 2924 3803 25  1 73  0  0 2023-04-02 08:03:01
 1  0  91848 474084 378724 3957272    0    0     0     0 1866 1623 25  0 75  0  0 2023-04-02 08:03:02
10  0  91848 473832 378724 3957284    0    0     0     8 3246 4461 26  2 73  0  0 2023-04-02 08:03:03
 1  0  91848 473832 378724 3957284    0    0     0    24 2291 2632 25  1 74  0  0 2023-04-02 08:03:04
 1  0  91848 473832 378724 3957284    0    0     0     0 1840 1718 25  1 75  0  0 2023-04-02 08:03:05
 1  0  91848 473832 378724 3957284    0    0     0     0 1770 1441 25  0 75  0  0 2023-04-02 08:03:06
 1  0  91848 473864 378724 3957284    0    0     0     0 2338 2464 26  1 73  0  0 2023-04-02 08:03:07
 1  0  91848 473864 378724 3957284    0    0     0     0 2285 2568 25  1 75  0  0 2023-04-02 08:03:08
 1  0  91848 473864 378728 3957296    0    0     0    16 1647 1232 25  0 75  0  0 2023-04-02 08:03:09
 1  0  91848 473864 378728 3957300    0    0     0     0 1391  709 25  0 75  0  0 2023-04-02 08:03:10
 1  0  91848 473864 378728 3957300    0    0     0     0 1364  665 25  0 75  0  0 2023-04-02 08:03:11
 3  0  91848 473864 378728 3957300    0    0     0     0 1360  615 25  0 75  0  0 2023-04-02 08:03:12
 1  0  91848 473612 378728 3957304    0    0     0     0 2083 2103 25  0 74  0  0 2023-04-02 08:03:13
 2  0  91848 473612 378736 3957304    0    0     0    16 1310  583 24  1 75  0  0 2023-04-02 08:03:14
 1  0  91848 473612 378736 3957320    0    0     0     0 2814 3481 25  1 74  0  0 2023-04-02 08:03:15
 1  0  91848 473612 378736 3957312    0    0     0     0 1563 1062 25  0 75  0  0 2023-04-02 08:03:16
 1  0  91848 471580 378736 3957312    0    0     0    16 1525  972 25  0 75  0  0 2023-04-02 08:03:17
 1  0  91848 471580 378736 3957312    0    0     0     0 1743 1365 25  0 75  0  0 2023-04-02 08:03:18
 1  0  91848 471580 378740 3957312    0    0     0    16 1680 1263 25  0 75  0  0 2023-04-02 08:03:19
 1  0  91848 471580 378740 3957312    0    0     0     0 2106 2293 25  1 74  0  0 2023-04-02 08:03:20
procs -----------memory---------- ---swap-- -----io---- -system-- ------cpu----- -----timestamp-----
 r  b   swpd   free   buff  cache   si   so    bi    bo   in   cs us sy id wa st                 UTC
 4  0  91848 471580 378740 3957312    0    0     0     0 1662 1256 25  0 75  0  0 2023-04-02 08:03:21
 1  0  91848 471580 378740 3957312    0    0     0     0 1332  592 25  0 75  0  0 2023-04-02 08:03:22
 4  0  91848 471580 378740 3957312    0    0     0     0 1508  918 25  0 75  0  0 2023-04-02 08:03:23
 1  0  91848 473644 378744 3957308    0    0     0    16 1331  598 25  0 75  0  0 2023-04-02 08:03:24
 1  0  91848 473644 378744 3957312    0    0     0     0 2110 2262 25  0 74  0  0 2023-04-02 08:03:25
 1  0  91848 473644 378744 3957312    0    0     0     0 1395  709 25  0 75  0  0 2023-04-02 08:03:26
 1  0  91848 473644 378744 3957312    0    0     0     0 1403  732 25  0 75  0  0 2023-04-02 08:03:27
 1  0  91848 473644 378744 3957312    0    0     0     0 1314  558 25  0 75  0  0 2023-04-02 08:03:28
 1  0  91848 473644 378752 3957312    0    0     0    16 1437  776 25  0 75  0  0 2023-04-02 08:03:29
 1  0  91848 473644 378752 3957312    0    0     0     0 1512 1004 25  0 75  0  0 2023-04-02 08:03:30
 1  0  91848 473644 378752 3957316    0    0     0     0 1558 1027 25  0 75  0  0 2023-04-02 08:03:31
 1  0  91848 473644 378752 3957328    0    0     0    12 1499  864 25  0 75  0  0 2023-04-02 08:03:32
 1  0  91848 473644 378752 3957328    0    0     0     0 1318  566 25  0 75  0  0 2023-04-02 08:03:33
 1  0  91848 473644 378752 3957328    0    0     0    32 1588 1077 25  0 75  0  0 2023-04-02 08:03:34
 1  0  91848 473644 378752 3957344    0    0     0     0 1684 1294 25  0 75  0  0 2023-04-02 08:03:35
 1  0  91848 473644 378752 3957344    0    0     0     0 1568 1060 25  0 75  0  0 2023-04-02 08:03:36
 2  0  91848 471612 378752 3957344    0    0     0     0 1598 1056 25  0 74  0  0 2023-04-02 08:03:37
 1  0  91848 473668 378752 3957344    0    0     0     0 1424  750 25  0 75  0  0 2023-04-02 08:03:38
 1  0  91848 473668 378756 3957344    0    0     0    24 1404  705 25  0 75  0  0 2023-04-02 08:03:39
 1  0  91848 473668 378756 3957344    0    0     0     0 1402  732 25  1 75  0  0 2023-04-02 08:03:40
 1  0  91848 473668 378756 3957344    0    0     0     0 1377  672 25  0 75  0  0 2023-04-02 08:03:41
procs -----------memory---------- ---swap-- -----io---- -system-- ------cpu----- -----timestamp-----
 r  b   swpd   free   buff  cache   si   so    bi    bo   in   cs us sy id wa st                 UTC
 3  0  91848 473668 378756 3957344    0    0     0     0 1401  729 25  0 75  0  0 2023-04-02 08:03:42
 1  0  91848 473668 378756 3957344    0    0     0     0 1333  593 25  0 75  0  0 2023-04-02 08:03:43
 1  0  91848 473668 378760 3957344    0    0     0    16 1355  605 25  0 75  0  0 2023-04-02 08:03:44
 1  0  91848 473668 378760 3957344    0    0     0     0 1543  981 25  0 75  0  0 2023-04-02 08:03:45
 1  0  91848 473416 378760 3957344    0    0     0     0 2396 2800 25  1 74  0  0 2023-04-02 08:03:46
 3  0  91848 473416 378760 3957344    0    0     0     0 2085 2191 25  0 75  0  0 2023-04-02 08:03:47
 1  0  91848 473448 378760 3957344    0    0     0     0 2343 2626 25  1 74  0  0 2023-04-02 08:03:48
 1  0  91848 473448 378764 3957344    0    0     0    16 1565 1076 25  0 75  0  0 2023-04-02 08:03:49
 1  0  91848 473448 378764 3957344    0    0     0     0 1333  581 25  0 75  0  0 2023-04-02 08:03:50
 1  0  91848 473448 378764 3957340    0    0     0     0 1808 1579 25  0 75  0  0 2023-04-02 08:03:51
 1  0  91848 473448 378764 3957340    0    0     0     0 1330  601 25  0 75  0  0 2023-04-02 08:03:52
 1  0  91848 473448 378764 3957344    0    0     0    16 1601 1209 25  0 75  0  0 2023-04-02 08:03:53
 1  0  91848 473448 378768 3957344    0    0     0    16 1328  594 25  0 75  0  0 2023-04-02 08:03:54
 1  0  91848 473448 378768 3957344    0    0     0     0 1338  585 25  0 75  0  0 2023-04-02 08:03:55
 1  0  91848 473448 378768 3957344    0    0     0     0 1367  639 25  0 75  0  0 2023-04-02 08:03:56
 1  0  91848 473448 378768 3957344    0    0     0     0 1397  709 25  0 75  0  0 2023-04-02 08:03:57
 1  0  91848 471416 378768 3957344    0    0     0     0 1596 1073 25  0 75  0  0 2023-04-02 08:03:58
 1  0  91848 473480 378772 3957344    0    0     0    16 1414  717 25  0 75  0  0 2023-04-02 08:03:59
 1  0  91848 473480 378772 3957344    0    0     0     0 1760 1482 25  0 75  0  0 2023-04-02 08:04:00
 1  0  91848 473480 378772 3957348    0    0     0     0 1733 1356 25  0 75  0  0 2023-04-02 08:04:01
 1  0  91848 473480 378772 3957348    0    0     0     0 1726 1358 25  0 75  0  0 2023-04-02 08:04:02
procs -----------memory---------- ---swap-- -----io---- -system-- ------cpu----- -----timestamp-----
 r  b   swpd   free   buff  cache   si   so    bi    bo   in   cs us sy id wa st                 UTC
 3  0  91848 473480 378772 3957360    0    0     0     8 1405  719 25  0 75  0  0 2023-04-02 08:04:03
 1  0  91848 473480 378776 3957360    0    0     0    24 1361  641 25  0 75  0  0 2023-04-02 08:04:04
 1  0  91848 473480 378776 3957360    0    0     0     0 1329  577 25  0 75  0  0 2023-04-02 08:04:05
 1  0  91848 473480 378776 3957360    0    0     0     4 1337  595 25  0 75  0  0 2023-04-02 08:04:06
 1  0  91848 473480 378776 3957360    0    0     0     0 1959 1835 25  1 74  0  0 2023-04-02 08:04:07
 1  0  91848 471448 378776 3957364    0    0     0     0 1344  621 25  0 75  0  0 2023-04-02 08:04:08
 1  0  91848 473512 378776 3957364    0    0     0    16 1337  618 25  0 75  0  0 2023-04-02 08:04:09
 1  0  91848 473512 378776 3957364    0    0     0     0 1427  776 25  0 75  0  0 2023-04-02 08:04:10
 1  0  91848 473512 378776 3957364    0    0     0     0 1394  698 25  0 75  0  0 2023-04-02 08:04:11
 1  0  91848 473512 378776 3957364    0    0     0     0 1346  614 25  0 75  0  0 2023-04-02 08:04:12
 1  0  91848 473512 378776 3957364    0    0     0     0 1387  695 25  0 75  0  0 2023-04-02 08:04:13
 1  0  91848 473512 378784 3957364    0    0     0    16 1336  606 25  0 75  0  0 2023-04-02 08:04:14
 1  0  91848 473512 378784 3957368    0    0     0     0 1823 1647 25  0 75  0  0 2023-04-02 08:04:15
 3  0  91848 473512 378784 3957368    0    0     0     0 1452  757 26  0 74  0  0 2023-04-02 08:04:16
 1  0  91848 473512 378784 3957368    0    0     0     0 1531  974 25  0 75  0  0 2023-04-02 08:04:17
 1  0  91848 471472 378784 3957360    0    0     0     0 1353  623 25  0 75  0  0 2023-04-02 08:04:18
 1  0  91848 473528 378788 3957360    0    0     0    16 1421  781 25  0 75  0  0 2023-04-02 08:04:19
 1  0  91848 473528 378788 3957360    0    0     0     0 1573 1074 25  0 75  0  0 2023-04-02 08:04:20
 1  0  91848 473528 378788 3957360    0    0     0     0 1495  915 25  0 75  0  0 2023-04-02 08:04:21
 1  0  91848 473528 378788 3957360    0    0     0     0 1390  711 25  0 75  0  0 2023-04-02 08:04:22
 1  0  91848 473528 378788 3957360    0    0     0     0 1361  640 25  0 75  0  0 2023-04-02 08:04:23
procs -----------memory---------- ---swap-- -----io---- -system-- ------cpu----- -----timestamp-----
 r  b   swpd   free   buff  cache   si   so    bi    bo   in   cs us sy id wa st                 UTC
 4  0  91848 473528 378792 3957356    0    0     0    16 1348  610 25  0 75  0  0 2023-04-02 08:04:24
 1  0  91848 473528 378792 3957360    0    0     0     0 1396  715 25  0 75  0  0 2023-04-02 08:04:25
 1  0  91848 473528 378792 3957360    0    0     0     0 1329  595 25  0 75  0  0 2023-04-02 08:04:26
 1  0  91848 473528 378792 3957360    0    0     0     0 1395  729 25  0 75  0  0 2023-04-02 08:04:27
 1  0  91848 473528 378792 3957360    0    0     0     0 1319  585 25  0 75  0  0 2023-04-02 08:04:28
 1  0  91848 471488 378796 3957360    0    0     0    28 1397  725 25  0 75  0  0 2023-04-02 08:04:29
 1  0  91848 471488 378796 3957360    0    0     0     0 1356  631 25  0 75  0  0 2023-04-02 08:04:30
 1  0  91848 473544 378796 3957360    0    0     0     0 1523  938 25  0 75  0  0 2023-04-02 08:04:31
 3  0  91848 473544 378796 3957360    0    0     0     0 1536  952 25  0 74  0  0 2023-04-02 08:04:33
 1  0  91848 473544 378796 3957360    0    0     0     0 1386  695 25  0 75  0  0 2023-04-02 08:04:34
 3  0  91848 473544 378804 3957368    0    0     0    24 1353  623 25  0 75  0  0 2023-04-02 08:04:35
 1  0  91848 473544 378804 3957368    0    0     0     0 1333  586 25  0 75  0  0 2023-04-02 08:04:36
 1  0  91848 473544 378804 3957372    0    0     0     0 1396  707 25  0 75  0  0 2023-04-02 08:04:37
 1  0  91848 473544 378804 3957372    0    0     0     8 1636 1151 25  0 74  0  0 2023-04-02 08:04:38
 2  0  91848 473544 378804 3957372    0    0     0     0 1730 1513 25  0 75  0  0 2023-04-02 08:04:39
 1  0  91848 471504 378808 3957372    0    0     0    32 1359  643 25  0 75  0  0 2023-04-02 08:04:40
 1  0  91848 473560 378808 3957372    0    0     0     0 1769  842 31  0 69  0  0 2023-04-02 08:04:41
 1  0  91848 473560 378808 3957372    0    0     0     0 1603 1099 25  0 75  0  0 2023-04-02 08:04:42
 2  0  91848 473560 378808 3957372    0    0     0     0 1728 1372 25  0 75  0  0 2023-04-02 08:04:43
 1  0  91848 473560 378808 3957372    0    0     0     0 1431  772 25  0 75  0  0 2023-04-02 08:04:44
 1  0  91848 473560 378816 3957364    0    0     0    16 1945 1739 25  1 74  0  0 2023-04-02 08:04:45
procs -----------memory---------- ---swap-- -----io---- -system-- ------cpu----- -----timestamp-----
 r  b   swpd   free   buff  cache   si   so    bi    bo   in   cs us sy id wa st                 UTC
 3  0  91848 473560 378816 3957376    0    0     0     0 1385  687 25  0 75  0  0 2023-04-02 08:04:46
 2  0  91848 473560 378816 3957376    0    0     0     0 1349  588 25  0 75  0  0 2023-04-02 08:04:47
 1  0  91848 473560 378816 3957376    0    0     0     0 1335  597 25  0 75  0  0 2023-04-02 08:04:48
 1  0  91848 473308 378816 3957376    0    0     0     0 2324 2493 25  0 74  0  0 2023-04-02 08:04:49
 1  0  91848 471268 378820 3957372    0    0     0    16 1386  671 25  0 75  0  0 2023-04-02 08:04:50
 1  0  91848 471268 378820 3957372    0    0     0     0 1328  569 25  0 75  0  0 2023-04-02 08:04:51
 1  0  91848 471268 378820 3957372    0    0     0     0 1317  574 25  0 75  0  0 2023-04-02 08:04:52
 1  0  91848 471268 378820 3957372    0    0     0     0 1405  729 25  0 75  0  0 2023-04-02 08:04:53
 1  0  91848 471268 378820 3957372    0    0     0     0 1550 1031 25  0 75  0  0 2023-04-02 08:04:54
 1  0  91848 473324 378820 3957364    0    0     0    16 1391  706 25  0 75  0  0 2023-04-02 08:04:55
 1  0  91848 473324 378820 3957364    0    0     0     0 1324  578 25  0 75  0  0 2023-04-02 08:04:56
 1  0  91848 473324 378820 3957364    0    0     0     0 1395  704 25  0 75  0  0 2023-04-02 08:04:57
 1  0  91848 473324 378820 3957364    0    0     0     0 1335  594 25  0 75  0  0 2023-04-02 08:04:58
 1  0  91848 473324 378820 3957364    0    0     0     0 1336  579 25  0 75  0  0 2023-04-02 08:04:59
 1  0  91848 471284 378828 3957368    0    0     0    16 1348  612 25  0 75  0  0 2023-04-02 08:05:00
 1  0  91848 471284 378828 3957368    0    0     0     0 1325  570 25  0 75  0  0 2023-04-02 08:05:01
 1  0  91848 471284 378828 3957368    0    0     0     0 1571 1046 25  0 75  0  0 2023-04-02 08:05:02
 1  0  91848 471284 378828 3957368    0    0     0     0 1507  891 25  0 75  0  0 2023-04-02 08:05:03
 3  0  91848 471284 378828 3957368    0    0     0     0 1434  756 25  0 75  0  0 2023-04-02 08:05:04
 1  0  91848 471284 378832 3957368    0    0     0    32 1351  616 25  0 75  0  0 2023-04-02 08:05:05
 1  0  91848 471284 378832 3957368    0    0     0     0 1376  679 25  0 75  0  0 2023-04-02 08:05:06
procs -----------memory---------- ---swap-- -----io---- -system-- ------cpu----- -----timestamp-----
 r  b   swpd   free   buff  cache   si   so    bi    bo   in   cs us sy id wa st                 UTC
 3  0  91848 471284 378832 3957368    0    0     0     0 1347  609 25  0 75  0  0 2023-04-02 08:05:07
 1  0  91848 473340 378832 3957368    0    0     0     0 1949 1831 25  0 74  0  0 2023-04-02 08:05:08
 1  0  91848 473340 378832 3957376    0    0     0     8 1360  617 25  0 75  0  0 2023-04-02 08:05:09
 1  0  91848 471300 378836 3957376    0    0     0    36 1402  730 25  0 75  0  0 2023-04-02 08:05:10
 1  0  91848 473356 378836 3957376    0    0     0     0 1368  661 25  0 75  0  0 2023-04-02 08:05:11
 1  0  91848 473356 378836 3957376    0    0     0     0 1387  699 25  0 75  0  0 2023-04-02 08:05:12
 2  0  91848 473356 378836 3957376    0    0     0     0 1341  599 25  0 75  0  0 2023-04-02 08:05:13
 1  0  91848 473356 378836 3957376    0    0     0     0 1392  692 25  0 75  0  0 2023-04-02 08:05:14
 1  0  91848 473356 378836 3957376    0    0     0    24 1347  612 25  0 75  0  0 2023-04-02 08:05:15
 1  0  91848 473356 378836 3957376    0    0     0     0 1333  581 25  0 75  0  0 2023-04-02 08:05:16
 1  0  91848 473356 378836 3957376    0    0     0     0 1395  697 25  0 75  0  0 2023-04-02 08:05:17
 1  0  91848 473356 378836 3957376    0    0     0     0 1352  632 25  0 75  0  0 2023-04-02 08:05:18
 1  0  91848 473356 378836 3957376    0    0     0     0 1956 1895 25  1 74  0  0 2023-04-02 08:05:19
 1  0  91848 473356 378840 3957376    0    0     0    16 1379  677 25  0 75  0  0 2023-04-02 08:05:20
 1  0  91848 471324 378840 3957380    0    0     0     0 1880 1684 25  1 74  0  0 2023-04-02 08:05:21
 1  0  91848 471324 378840 3957384    0    0     0     0 1340  599 25  0 75  0  0 2023-04-02 08:05:22
 2  0  91848 471324 378840 3957384    0    0     0     0 1354  637 25  0 75  0  0 2023-04-02 08:05:23
 1  0  91848 471324 378840 3957384    0    0     0     0 1344  585 25  0 75  0  0 2023-04-02 08:05:24
 1  0  91848 471324 378848 3957384    0    0     0    16 1394  705 25  0 75  0  0 2023-04-02 08:05:25
 1  0  91848 471324 378848 3957384    0    0     0     0 1336  586 25  0 75  0  0 2023-04-02 08:05:26
 1  0  91848 473388 378848 3957380    0    0     0     0 1395  704 25  0 75  0  0 2023-04-02 08:05:27
procs -----------memory---------- ---swap-- -----io---- -system-- ------cpu----- -----timestamp-----
 r  b   swpd   free   buff  cache   si   so    bi    bo   in   cs us sy id wa st                 UTC
 3  0  91848 473388 378848 3957380    0    0     0     0 1334  592 25  0 75  0  0 2023-04-02 08:05:28
 1  0  91848 473388 378848 3957380    0    0     0     0 1831 1581 25  0 75  0  0 2023-04-02 08:05:29
 1  0  91848 473388 378852 3957380    0    0     0    16 1350  605 25  0 75  0  0 2023-04-02 08:05:30
 1  0  91848 471356 378852 3957380    0    0     0     0 1393  707 25  0 75  0  0 2023-04-02 08:05:31
 1  0  91848 471356 378852 3957376    0    0     0     0 1520  915 25  0 75  0  0 2023-04-02 08:05:32
 1  0  91848 471356 378852 3957376    0    0     0     0 1445  784 25  0 75  0  0 2023-04-02 08:05:33
 1  0  91848 471356 378852 3957376    0    0     0     0 1400  705 25  0 75  0  0 2023-04-02 08:05:34
 1  0  91848 473420 378852 3957376    0    0     0    16 1348  616 25  0 75  0  0 2023-04-02 08:05:35
 1  0  91848 473420 378852 3957376    0    0     0     0 1355  600 25  0 75  0  0 2023-04-02 08:05:36
 1  0  91848 473420 378852 3957376    0    0     0     0 1340  593 25  0 75  0  0 2023-04-02 08:05:37
 1  0  91848 473420 378852 3957376    0    0     0     0 1759 1411 26  0 75  0  0 2023-04-02 08:05:38
 1  0  91848 473420 378852 3957376    0    0     0     0 1361  622 25  0 75  0  0 2023-04-02 08:05:39
 1  0  91848 473420 378852 3957376    0    0     0    16 1420  750 25  0 75  0  0 2023-04-02 08:05:40
 1  0  91848 471388 378852 3957384    0    0     0    32 1396  710 25  0 75  0  0 2023-04-02 08:05:41
 1  0  91848 471388 378852 3957388    0    0     0     0 1375  678 25  0 75  0  0 2023-04-02 08:05:42
 1  0  91848 471388 378852 3957388    0    0     0     0 1386  683 25  0 75  0  0 2023-04-02 08:05:43
 1  0  91848 471388 378852 3957388    0    0     0     0 1342  577 25  0 75  0  0 2023-04-02 08:05:44
 1  0  91848 471388 378856 3957388    0    0     0    32 1406  722 25  0 75  0  0 2023-04-02 08:05:45
 1  0  91848 471388 378856 3957388    0    0     0     0 1327  575 25  0 75  0  0 2023-04-02 08:05:46
 1  0  91848 471388 378856 3957388    0    0     0     0 1394  718 25  0 75  0  0 2023-04-02 08:05:47
 1  0  91848 473452 378856 3957388    0    0     0     0 1343  620 25  0 75  0  0 2023-04-02 08:05:48
procs -----------memory---------- ---swap-- -----io---- -system-- ------cpu----- -----timestamp-----
 r  b   swpd   free   buff  cache   si   so    bi    bo   in   cs us sy id wa st                 UTC
 4  0  91848 473452 378856 3957388    0    0     0    12 1395  698 25  0 75  0  0 2023-04-02 08:05:49
 1  0  91848 473452 378864 3957384    0    0     0     4 1369  665 25  0 75  0  0 2023-04-02 08:05:50
 1  0  91848 471420 378864 3957384    0    0     0     0 1383  676 25  0 75  0  0 2023-04-02 08:05:51
 1  0  91848 471420 378864 3957384    0    0     0     0 1393  695 25  0 75  0  0 2023-04-02 08:05:52
 2  0  91848 471420 378864 3957384    0    0     0     0 1380  674 25  0 75  0  0 2023-04-02 08:05:53
 1  0  91848 471420 378864 3957384    0    0     0     0 1326  576 25  0 75  0  0 2023-04-02 08:05:54
 1  0  91848 471420 378872 3957380    0    0     0    16 2487 2928 25  1 74  0  0 2023-04-02 08:05:55
 1  0  91848 474964 378872 3957380    0    0     0     0 1622 1089 25  1 74  0  0 2023-04-02 08:05:56
 2  0  91848 474996 378872 3957380    0    0     0     0 1596 1089 25  0 75  0  0 2023-04-02 08:05:57
 2  0  91848 474240 378872 3957232    0    0     0     0 2159  953 39  1 60  0  0 2023-04-02 08:05:58
 2  0  91848 474240 378872 3957388    0    0     0     0 2414  566 50  0 50  0  0 2023-04-02 08:05:59
 2  0  91848 474240 378880 3957388    0    0     0    16 2707 1222 50  0 50  0  0 2023-04-02 08:06:00
 3  0  91848 474240 378880 3957388    0    0     0     0 2487  707 50  0 50  0  0 2023-04-02 08:06:01
 2  0  91848 474240 378880 3957388    0    0     0     0 2613  930 50  0 50  0  0 2023-04-02 08:06:02
 2  0  91848 474240 378880 3957388    0    0     0     0 2602  913 50  0 50  0  0 2023-04-02 08:06:03
 2  0  91848 474240 378880 3957392    0    0     0     0 2432  590 50  0 50  0  0 2023-04-02 08:06:04
 2  0  91848 474240 378888 3957396    0    0     0    16 2772 1372 50  0 50  0  0 2023-04-02 08:06:05
 3  0  91848 474240 378888 3957396    0    0     0     0 3060 1907 50  0 50  0  0 2023-04-02 08:06:06
 2  0  91848 474240 378888 3957396    0    0     0     0 2706 1182 50  0 50  0  0 2023-04-02 08:06:07
 2  0  91848 474240 378888 3957396    0    0     0     0 2878 1547 50  1 50  0  0 2023-04-02 08:06:08
 2  0  91848 474240 378888 3957396    0    0     0     0 1934 1243 30  0 69  0  0 2023-04-02 08:06:09
procs -----------memory---------- ---swap-- -----io---- -system-- ------cpu----- -----timestamp-----
 r  b   swpd   free   buff  cache   si   so    bi    bo   in   cs us sy id wa st                 UTC
 5  0  91848 474240 378896 3957396    0    0     0    16 1363  621 25  0 75  0  0 2023-04-02 08:06:10
 1  0  91848 474240 378896 3957396    0    0     0     0 1406  720 25  0 75  0  0 2023-04-02 08:06:11
 1  0  91848 472200 378896 3957408    0    0     0    20 1412  729 25  0 75  0  0 2023-04-02 08:06:12
 1  0  91848 472200 378896 3957424    0    0     0     0 2402 2785 25  0 75  0  0 2023-04-02 08:06:13
 1  0  91848 472200 378896 3957424    0    0     0     0 1343  599 25  0 75  0  0 2023-04-02 08:06:14
 3  0  91848 472200 378904 3957416    0    0     0    44 1318  562 25  0 75  0  0 2023-04-02 08:06:15
 1  0  91848 472200 378904 3957424    0    0     0     0 1371  678 25  0 75  0  0 2023-04-02 08:06:16
 3  0  91848 472200 378904 3957424    0    0     0    24 2297 2302 28  0 72  0  0 2023-04-02 08:06:17
 1  0  91848 473900 378904 3957276    0    0     0     0 1998 1859 26  1 73  0  0 2023-04-02 08:06:18
 1  0  91848 474004 378904 3957436    0    0     0     0 1337  600 25  0 75  0  0 2023-04-02 08:06:19
 1  0  91848 474004 378912 3957436    0    0     0    40 1420  735 25  0 75  0  0 2023-04-02 08:06:20
 1  0  91848 474004 378912 3957436    0    0     0     0 1351  580 25  0 75  0  0 2023-04-02 08:06:21
 1  0  91848 474004 378912 3957436    0    0     0     0 2038 1975 25  0 75  0  0 2023-04-02 08:06:22
 0  0  91848 474004 378912 3957436    0    0     0     0 1632 1588 19  0 81  0  0 2023-04-02 08:06:23
 0  0  91848 474004 378912 3957436    0    0     0     0  383  699  0  0 100  0  0 2023-04-02 08:06:24
 0  0  91848 474004 378920 3957436    0    0     0    16 1758 3149  1  1 98  0  0 2023-04-02 08:06:25
 0  0  91848 474004 378920 3957440    0    0     0     0  392  711  0  0 100  0  0 2023-04-02 08:06:26
 0  0  91848 474004 378920 3957428    0    0     0     0  361  640  0  0 100  0  0 2023-04-02 08:06:27
 0  0  91848 474004 378920 3957428    0    0     0     0  330  602  0  0 99  0  0 2023-04-02 08:06:28
 0  0  91848 474004 378920 3957428    0    0     0     0  391  724  0  0 100  0  0 2023-04-02 08:06:29
 0  0  91848 474004 378924 3957428    0    0     0    16 1105 2106  1  1 99  0  0 2023-04-02 08:06:30
procs -----------memory---------- ---swap-- -----io---- -system-- ------cpu----- -----timestamp-----
 r  b   swpd   free   buff  cache   si   so    bi    bo   in   cs us sy id wa st                 UTC
 1  0  91848 474004 378924 3957420    0    0     0     0  318  600  0  0 100  0  0 2023-04-02 08:06:31
 0  0  91848 474004 378924 3957420    0    0     0     0  539  976  0  0 99  0  0 2023-04-02 08:06:32
 0  0  91848 474004 378924 3957424    0    0     0     0  632 1134  0  1 99  0  0 2023-04-02 08:06:33
 0  0  91848 474004 378924 3957424    0    0     0     0  329  604  0  0 100  0  0 2023-04-02 08:06:34
 0  0  91848 474004 378932 3957428    0    0     0    16  583 1067  1  1 99  0  0 2023-04-02 08:06:35
 0  0  91848 474004 378932 3957428    0    0     0     0  386  697  0  0 100  0  0 2023-04-02 08:06:36
 0  0  91848 474004 378932 3957428    0    0     0     0  381  686  1  0 99  0  0 2023-04-02 08:06:37
 0  0  91848 474004 378932 3957428    0    0     0     0  612 1046  1  0 98  0  0 2023-04-02 08:06:38
 0  0  91848 474004 378932 3957428    0    0     0     0 1211 2196  1  0 99  0  0 2023-04-02 08:06:39
 0  0  91848 474004 378936 3957436    0    0     0    16  373  666  0  0 99  0  0 2023-04-02 08:06:40
 0  0  91848 474004 378936 3957436    0    0     0     0  528  687  4  0 96  0  0 2023-04-02 08:06:41
 0  0  91848 474004 378936 3957436    0    0     0     0  388  707  0  0 99  0  0 2023-04-02 08:06:42
 1  0  91848 474004 378936 3957436    0    0     0    16  351  613  0  0 100  0  0 2023-04-02 08:06:43
 0  0  91848 474004 378936 3957448    0    0     0     0  326  595  0  0 100  0  0 2023-04-02 08:06:44
 0  0  91848 474004 378936 3957448    0    0     0    44  341  607  0  0 100  0  0 2023-04-02 08:06:45
 0  0  91848 474004 378936 3957448    0    0     0     0  387  705  0  0 100  0  0 2023-04-02 08:06:46
 0  0  91848 474004 378936 3957452    0    0     0     0  418  743  0  0 99  0  0 2023-04-02 08:06:47
 0  0  91848 474004 378936 3957452    0    0     0     0  364  676  0  0 99  0  0 2023-04-02 08:06:48
 0  0  91848 474004 378936 3957452    0    0     0     0  420  740  0  0 100  0  0 2023-04-02 08:06:49
 0  0  91848 474004 378940 3957452    0    0     0    16  386  663  1  0 99  0  0 2023-04-02 08:06:50
 0  0  91848 474004 378940 3957452    0    0     0     0  320  601  0  0 100  0  0 2023-04-02 08:06:51
procs -----------memory---------- ---swap-- -----io---- -system-- ------cpu----- -----timestamp-----
 r  b   swpd   free   buff  cache   si   so    bi    bo   in   cs us sy id wa st                 UTC
 2  0  91848 474004 378940 3957452    0    0     0     0  395  708  0  0 100  0  0 2023-04-02 08:06:52
 0  0  91848 474004 378940 3957452    0    0     0    48  351  614  0  0 100  0  0 2023-04-02 08:06:53
 0  0  91848 474004 378940 3957448    0    0     0     0  343  613  0  0 100  0  0 2023-04-02 08:06:54
 0  0  91848 474004 378944 3957452    0    0     0    16  321  605  0  0 100  0  0 2023-04-02 08:06:55
 0  0  91848 474004 378944 3957452    0    0     0     0  924 1743  0  1 99  0  0 2023-04-02 08:06:56
 0  0  91848 474004 378944 3957452    0    0     0     0  415  745  0  0 100  0  0 2023-04-02 08:06:57
 0  0  91848 474004 378944 3957444    0    0     0     0  385  706  0  0 100  0  0 2023-04-02 08:06:58
 0  0  91848 474004 378944 3957444    0    0     0     0  402  722  0  0 100  0  0 2023-04-02 08:06:59
 0  0  91848 474004 378948 3957444    0    0     0    16  350  611  0  0 99  0  0 2023-04-02 08:07:00
 1  0  91848 474004 378948 3957444    0    0     0     0  518  964  0  0 100  0  0 2023-04-02 08:07:01
 0  0  91848 474004 378948 3957444    0    0     0     0  593 1009  1  0 99  0  0 2023-04-02 08:07:02
 0  0  91848 474004 378948 3957444    0    0     0     0  419  758  0  0 99  0  0 2023-04-02 08:07:03
 0  0  91848 474004 378948 3957444    0    0     0     0  443  764  0  0 99  0  0 2023-04-02 08:07:04
 0  0  91848 474004 378952 3957444    0    0     0    16  331  611  0  0 100  0  0 2023-04-02 08:07:05
 0  0  91848 474004 378952 3957444    0    0     0     0  405  719  0  0 99  0  0 2023-04-02 08:07:06
 1  0  91848 474004 378952 3957444    0    0     0     0  434  739  1  0 99  0  0 2023-04-02 08:07:07
 0  0  91848 474004 378952 3957448    0    0     0     0  973 1660  1  1 98  0  0 2023-04-02 08:07:08
 0  0  91848 474004 378952 3957448    0    0     0     0  370  643  0  1 99  0  0 2023-04-02 08:07:09
 0  0  91848 474004 378956 3957448    0    0     0    16  425  750  0  0 100  0  0 2023-04-02 08:07:10
 0  0  91848 474004 378956 3957448    0    0     0     0  348  617  0  0 100  0  0 2023-04-02 08:07:11
 0  0  91848 474004 378956 3957448    0    0     0     0  382  708  0  0 100  0  0 2023-04-02 08:07:12
procs -----------memory---------- ---swap-- -----io---- -system-- ------cpu----- -----timestamp-----
 r  b   swpd   free   buff  cache   si   so    bi    bo   in   cs us sy id wa st                 UTC
 3  0  91848 474004 378956 3957456    0    0     0    12  348  619  0  0 99  0  0 2023-04-02 08:07:13
 0  0  91848 474004 378956 3957460    0    0     0     0  385  714  0  0 100  0  0 2023-04-02 08:07:14
 0  0  91848 474004 378956 3957460    0    0     0    32  354  626  0  0 99  0  0 2023-04-02 08:07:15
 0  0  91848 474004 378956 3957460    0    0     0     0  389  703  0  0 100  0  0 2023-04-02 08:07:16
 0  0  91848 474004 378956 3957460    0    0     0     0  340  615  0  0 100  0  0 2023-04-02 08:07:17
 0  0  91848 474004 378956 3957460    0    0     0     0  439  790  0  0 99  0  0 2023-04-02 08:07:18
 0  0  91848 474004 378956 3957460    0    0     0     0  395  711  0  0 100  0  0 2023-04-02 08:07:19
 0  0  91848 474004 378960 3957456    0    0     0    28  462  790  1  0 99  0  0 2023-04-02 08:07:20
 0  0  91848 474004 378960 3957460    0    0     0     0  380  699  0  0 100  0  0 2023-04-02 08:07:21
 0  0  91848 474004 378960 3957460    0    0     0     0  393  715  0  0 100  0  0 2023-04-02 08:07:22
 0  0  91848 474004 378960 3957460    0    0     0     0  362  657  0  0 100  0  0 2023-04-02 08:07:23
 0  0  91848 474004 378960 3957460    0    0     0     0  418  762  0  0 100  0  0 2023-04-02 08:07:24
 0  0  91848 474004 378964 3957460    0    0     0    16  402  736  0  0 100  0  0 2023-04-02 08:07:25
 0  0  91848 474004 378964 3957460    0    0     0     0  322  590  0  0 100  0  0 2023-04-02 08:07:26
 0  0  91848 474004 378964 3957460    0    0     0     0  387  712  0  0 100  0  0 2023-04-02 08:07:27
 0  0  91848 474004 378964 3957452    0    0     0     0  371  698  0  0 100  0  0 2023-04-02 08:07:28
 0  0  91848 474004 378964 3957452    0    0     0    20  338  602  0  0 100  0  0 2023-04-02 08:07:29
 0  0  91848 474004 378972 3957456    0    0     0    16  407  722  0  0 100  0  0 2023-04-02 08:07:30
 0  0  91848 474004 378972 3957456    0    0     0     0  325  590  0  0 100  0  0 2023-04-02 08:07:31
 0  0  91848 474004 378972 3957456    0    0     0     0  760 1308  1  1 99  0  0 2023-04-02 08:07:32
 1  0  91848 471964 378972 3957456    0    0     0     0  346  626  0  0 100  0  0 2023-04-02 08:07:33
procs -----------memory---------- ---swap-- -----io---- -system-- ------cpu----- -----timestamp-----
 r  b   swpd   free   buff  cache   si   so    bi    bo   in   cs us sy id wa st                 UTC
 5  0  91848 471964 378972 3957456    0    0     0    12  426  752  0  0 100  0  0 2023-04-02 08:07:34
 0  0  91848 471964 378980 3957456    0    0     0     4  322  612  0  0 99  0  0 2023-04-02 08:07:35
 0  0  91848 471964 378980 3957456    0    0     0     0  314  581  0  0 100  0  0 2023-04-02 08:07:36
 0  0  91848 474020 378980 3957456    0    0     0     0  450  780  1  1 99  0  0 2023-04-02 08:07:37
 0  0  91848 474020 378980 3957456    0    0     0     0  631 1100  1  0 99  0  0 2023-04-02 08:07:38
 2  0  91848 474020 378980 3957456    0    0     0     0  360  647  0  0 100  0  0 2023-04-02 08:07:39
 0  0  91848 474020 378988 3957456    0    0     0    16  432  800  0  0 100  0  0 2023-04-02 08:07:40
 0  0  91848 474020 378988 3957456    0    0     0     0  399  724  0  0 100  0  0 2023-04-02 08:07:41
 0  0  91848 474020 378988 3957456    0    0     0     0  323  595  0  0 100  0  0 2023-04-02 08:07:42
 0  0  91848 474020 378988 3957456    0    0     0     0  387  693  0  0 100  0  0 2023-04-02 08:07:43
 0  0  91848 471980 378988 3957464    0    0     0     8  584 1065  0  0 99  0  0 2023-04-02 08:07:44
 0  0  91848 471980 378992 3957464    0    0     0    24  412  753  0  0 100  0  0 2023-04-02 08:07:45
 0  0  91848 471980 378992 3957464    0    0     0     4  387  715  0  0 99  0  0 2023-04-02 08:07:46
 0  0  91848 471980 378992 3957464    0    0     0     0  389  710  0  0 100  0  0 2023-04-02 08:07:47
 0  0  91848 471980 378992 3957464    0    0     0     0  376  665  0  0 99  0  0 2023-04-02 08:07:48
 0  0  91848 474036 378992 3957468    0    0     0     0  635 1147  0  1 99  0  0 2023-04-02 08:07:49
 0  0  91848 474036 379000 3957464    0    0     0    16  338  622  0  0 99  0  0 2023-04-02 08:07:50
 0  0  91848 474036 379000 3957472    0    0     0     0  381  697  0  0 100  0  0 2023-04-02 08:07:51
 0  0  91848 474036 379000 3957472    0    0     0     0  822 1478  0  1 99  0  0 2023-04-02 08:07:52
 0  0  91848 474036 379000 3957472    0    0     0     0  365  681  0  0 100  0  0 2023-04-02 08:07:53
 1  0  91848 471996 379000 3957472    0    0     0     0  486  888  0  0 100  0  0 2023-04-02 08:07:54
procs -----------memory---------- ---swap-- -----io---- -system-- ------cpu----- -----timestamp-----
 r  b   swpd   free   buff  cache   si   so    bi    bo   in   cs us sy id wa st                 UTC
 1  0  91848 471996 379008 3957472    0    0     0    16  398  736  0  0 100  0  0 2023-04-02 08:07:55
 0  0  91848 471996 379008 3957472    0    0     0     0 1464 2696  1  1 99  0  0 2023-04-02 08:07:56
 0  0  91848 471744 379008 3957472    0    0     0     0 1192 2252  0  1 99  0  0 2023-04-02 08:07:57
 0  0  91848 471744 379008 3957472    0    0     0     0  595 1169  0  0 99  0  0 2023-04-02 08:07:58
 0  0  91848 471744 379008 3957472    0    0     0     8  401  734  0  0 100  0  0 2023-04-02 08:07:59
 0  0  91848 471744 379012 3957472    0    0     0    16  334  607  0  0 100  0  0 2023-04-02 08:08:00
 0  0  91848 471744 379012 3957464    0    0     0     0  534  972  1  0 99  0  0 2023-04-02 08:08:01
 0  0  91848 471744 379012 3957464    0    0     0     0 1655 2895  1  1 98  0  0 2023-04-02 08:08:02
 2  0  91848 471744 379012 3957464    0    0     0     0 1739 3112  1  1 98  0  0 2023-04-02 08:08:03
 0  0  91848 473800 379012 3957464    0    0     0     0  412  756  0  0 100  0  0 2023-04-02 08:08:04
 0  0  91848 473800 379016 3957464    0    0     0    16  352  636  0  0 100  0  0 2023-04-02 08:08:05
 0  0  91848 473800 379016 3957464    0    0     0     0  704 1250  0  0 99  0  0 2023-04-02 08:08:06
 0  0  91848 473800 379016 3957464    0    0     0     0  534  953  1  0 99  0  0 2023-04-02 08:08:07
 0  0  91848 473800 379016 3957464    0    0     0     0  605 1080  1  0 99  0  0 2023-04-02 08:08:08
 2  0  91848 473800 379016 3957472    0    0     0     0 1094 1960  1  1 99  0  0 2023-04-02 08:08:09
 0  0  91848 473800 379024 3957472    0    0     0    16  434  786  0  0 99  0  0 2023-04-02 08:08:10
 0  0  91848 473800 379024 3957488    0    0     0     0 2058 3865  1  1 98  0  0 2023-04-02 08:08:11
 0  0  91848 473800 379024 3957488    0    0     0     0  394  725  0  0 100  0  0 2023-04-02 08:08:12
 0  0  91848 473800 379024 3957492    0    0     0     0  342  633  0  0 100  0  0 2023-04-02 08:08:13
 0  0  91848 473800 379024 3957492    0    0     0     0  403  735  0  0 99  0  0 2023-04-02 08:08:14
 0  0  91848 473800 379032 3957500    0    0     0    28  324  612  0  0 100  0  0 2023-04-02 08:08:15
procs -----------memory---------- ---swap-- -----io---- -system-- ------cpu----- -----timestamp-----
 r  b   swpd   free   buff  cache   si   so    bi    bo   in   cs us sy id wa st                 UTC
 2  0  91848 473800 379032 3957500    0    0     0     0  894 1723  1  0 99  0  0 2023-04-02 08:08:16
 0  0  91848 473800 379032 3957496    0    0     0     8  957 1617  2  0 97  0  0 2023-04-02 08:08:17
 0  0  91848 473800 379032 3957496    0    0     0     0  372  645  0  0 100  0  0 2023-04-02 08:08:18
 0  0  91848 473800 379032 3957504    0    0     0     0  765 1344  1  1 99  0  0 2023-04-02 08:08:19
 0  0  91848 473800 379036 3957504    0    0     0    36  401  751  0  0 100  0  0 2023-04-02 08:08:20
 0  0  91848 473800 379036 3957504    0    0     0     0  814 1573  0  0 99  0  0 2023-04-02 08:08:21
 3  0  91848 473800 379036 3957504    0    0     0     0 1142 2079  0  1 99  0  0 2023-04-02 08:08:22
 0  0  91848 473800 379036 3957504    0    0     0     0  558 1010  0  0 100  0  0 2023-04-02 08:08:23
 2  0  91848 473548 379036 3957504    0    0     0     0 1085 2021  0  0 99  0  0 2023-04-02 08:08:24
 0  0  91848 473548 379040 3957508    0    0     0    16 1452 2646  1  1 99  0  0 2023-04-02 08:08:25
 0  0  91848 473548 379040 3957508    0    0     0     0  982 1885  1  1 99  0  0 2023-04-02 08:08:26
 1  0  91848 473548 379040 3957508    0    0     0     0  599 1095  0  0 100  0  0 2023-04-02 08:08:27
 0  0  91848 473548 379040 3957508    0    0     0     0  322  591  0  0 100  0  0 2023-04-02 08:08:28
 0  0  91848 473548 379040 3957508    0    0     0     0 1470 2633  1  1 99  0  0 2023-04-02 08:08:29
 0  0  91848 473548 379044 3957512    0    0     0    40  403  725  0  0 100  0  0 2023-04-02 08:08:30
 0  0  91848 473548 379044 3957504    0    0     0     0  594 1062  0  1 99  0  0 2023-04-02 08:08:31
 0  0  91848 473548 379044 3957504    0    0     0     0 1184 2165  1  1 99  0  0 2023-04-02 08:08:32
 0  0  91848 473548 379044 3957516    0    0     0     0 3186 5885  1  1 97  0  0 2023-04-02 08:08:33
 0  0  91848 473548 379044 3957520    0    0     0     0  590 1070  0  0 99  0  0 2023-04-02 08:08:34
 0  0  91848 471508 379052 3957520    0    0     0    16  362  646  0  0 100  0  0 2023-04-02 08:08:35
 0  0  91848 471508 379052 3957520    0    0     0     0  477  878  0  0 100  0  0 2023-04-02 08:08:36
procs -----------memory---------- ---swap-- -----io---- -system-- ------cpu----- -----timestamp-----
 r  b   swpd   free   buff  cache   si   so    bi    bo   in   cs us sy id wa st                 UTC
 1  0  91848 473564 379052 3957520    0    0     0     0 1077 1970  1  1 98  0  0 2023-04-02 08:08:37
 0  0  91848 473564 379052 3957520    0    0     0     0  565 1012  1  0 99  0  0 2023-04-02 08:08:38
 0  0  91848 473564 379052 3957520    0    0     0     0  584 1092  1  0 99  0  0 2023-04-02 08:08:39
 0  0  91848 473564 379056 3957520    0    0     0    20  478  844  1  0 99  0  0 2023-04-02 08:08:40
 0  0  91848 473564 379056 3957520    0    0     0     0  778 1127  4  0 96  0  0 2023-04-02 08:08:41
 0  0  91848 473312 379056 3957520    0    0     0     0  752 1283  0  1 99  0  0 2023-04-02 08:08:42
 0  0  91848 473312 379056 3957528    0    0     0     0  739 1333  0  1 99  0  0 2023-04-02 08:08:43
 0  0  91848 473312 379056 3957528    0    0     0     0  314  594  0  0 100  0  0 2023-04-02 08:08:44
 0  0  91848 471272 379060 3957528    0    0     0    16  351  629  0  0 99  0  0 2023-04-02 08:08:45
 0  0  91848 471272 379060 3957528    0    0     0     0  325  586  0  0 100  0  0 2023-04-02 08:08:46
 0  0  91848 473328 379060 3957528    0    0     0     0  771 1381  1  1 99  0  0 2023-04-02 08:08:47
 0  0  91848 473328 379060 3957536    0    0     0     8 1063 1952  1  1 99  0  0 2023-04-02 08:08:48
 0  0  91848 473328 379060 3957536    0    0     0     0  596 1076  1  1 99  0  0 2023-04-02 08:08:49
 0  0  91848 473328 379068 3957540    0    0     0    52 1743 3214  1  1 99  0  0 2023-04-02 08:08:50
 0  0  91848 473328 379068 3957540    0    0     0     0  396  707  0  0 99  0  0 2023-04-02 08:08:51
 0  0  91848 473328 379068 3957540    0    0     0     0  404  726  0  0 100  0  0 2023-04-02 08:08:52
 0  0  91848 473328 379068 3957540    0    0     0     0 1019 1896  0  0 99  0  0 2023-04-02 08:08:53
 0  0  91848 473328 379068 3957540    0    0     0     0 1024 1834  1  1 99  0  0 2023-04-02 08:08:54
 0  0  91848 473328 379072 3957540    0    0     0    24  406  746  0  0 100  0  0 2023-04-02 08:08:55
 0  0  91848 473328 379072 3957544    0    0     0     0  414  754  0  0 100  0  0 2023-04-02 08:08:56
 0  0  91848 473328 379072 3957544    0    0     0     0  939 1713  1  0 99  0  0 2023-04-02 08:08:57
procs -----------memory---------- ---swap-- -----io---- -system-- ------cpu----- -----timestamp-----
 r  b   swpd   free   buff  cache   si   so    bi    bo   in   cs us sy id wa st                 UTC
 2  0  91848 473328 379072 3957544    0    0     0     0  582 1062  0  0 99  0  0 2023-04-02 08:08:58
 0  0  91848 473328 379072 3957552    0    0     0     0 1086 1950  1  1 99  0  0 2023-04-02 08:08:59
 0  0  91848 473328 379080 3957552    0    0     0    28  788 1410  1  1 99  0  0 2023-04-02 08:09:00
 0  0  91848 473328 379080 3957556    0    0     0     0 1710 3002  1  1 99  0  0 2023-04-02 08:09:01
 1  0  91848 473328 379080 3957552    0    0     0     0  912 1625  1  0 99  0  0 2023-04-02 08:09:02
 0  0  91848 473076 379080 3957552    0    0     0     0 1299 2424  1  1 99  0  0 2023-04-02 08:09:03
 1  0  91848 473076 379080 3957552    0    0     0     0 1103 2090  1  0 99  0  0 2023-04-02 08:09:04
 0  0  91848 473076 379088 3957552    0    0     0    16  417  770  0  0 100  0  0 2023-04-02 08:09:05
 0  0  91848 473076 379088 3957548    0    0     0     0 1145 2042  1  1 98  0  0 2023-04-02 08:09:06
 0  0  91848 473076 379088 3957548    0    0     0     0  617 1080  1  1 99  0  0 2023-04-02 08:09:07
 4  0  91848 473076 379088 3957548    0    0     0     0 2226 3928  2  2 97  0  0 2023-04-02 08:09:08
 0  0  91848 473076 379088 3957560    0    0     0     0  526  954  0  1 99  0  0 2023-04-02 08:09:09
 0  0  91848 473076 379096 3957560    0    0     0    20 1114 1960  1  1 99  0  0 2023-04-02 08:09:10
 0  0  91848 473076 379096 3957560    0    0     0     0  937 1777  1  1 99  0  0 2023-04-02 08:09:11
 0  0  91848 473076 379096 3957560    0    0     0     0  331  611  0  0 100  0  0 2023-04-02 08:09:12
 0  0  91848 473076 379096 3957560    0    0     0     0  348  613  0  0 99  0  0 2023-04-02 08:09:13
 0  0  91848 473076 379096 3957560    0    0     0     0  710 1282  0  0 99  0  0 2023-04-02 08:09:14
 0  0  91848 473076 379100 3957564    0    0     0    16  343  610  0  0 99  0  0 2023-04-02 08:09:15
 0  0  91848 473076 379100 3957564    0    0     0     0  730 1325  1  1 99  0  0 2023-04-02 08:09:16
 0  0  91848 473076 379100 3957564    0    0     0     0  317  590  0  0 100  0  0 2023-04-02 08:09:17
 0  0  91848 473076 379100 3957568    0    0     0     0 1565 2847  1  1 98  0  0 2023-04-02 08:09:18
procs -----------memory---------- ---swap-- -----io---- -system-- ------cpu----- -----timestamp-----
 r  b   swpd   free   buff  cache   si   so    bi    bo   in   cs us sy id wa st                 UTC
 4  0  91848 473076 379100 3957576    0    0     0     8  847 1521  1  1 98  0  0 2023-04-02 08:09:19
 0  0  91848 473076 379100 3957576    0    0     0    40  394  743  0  0 100  0  0 2023-04-02 08:09:20
 0  0  91848 473076 379100 3957576    0    0     0    12  340  622  0  0 100  0  0 2023-04-02 08:09:21
 0  0  91848 473076 379100 3957576    0    0     0     0  375  704  0  0 100  0  0 2023-04-02 08:09:22
 0  0  91848 473076 379100 3957576    0    0     0     0  875 1590  0  1 99  0  0 2023-04-02 08:09:23
 0  0  91848 473076 379100 3957576    0    0     0     0  392  717  0  0 100  0  0 2023-04-02 08:09:24
 0  0  91848 473076 379104 3957576    0    0     0    24  335  619  0  0 99  0  0 2023-04-02 08:09:25
 0  0  91848 473076 379104 3957576    0    0     0     0  322  603  0  0 100  0  0 2023-04-02 08:09:26
 0  0  91848 473076 379104 3957576    0    0     0     0  387  695  0  0 100  0  0 2023-04-02 08:09:27
 0  0  91848 473076 379104 3957584    0    0     0     0 1072 1865  1  1 99  0  0 2023-04-02 08:09:28
 0  0  91848 473076 379104 3957584    0    0     0     0  398  723  0  0 99  0  0 2023-04-02 08:09:29
 3  0  91848 473076 379112 3957584    0    0     0    28  953 1685  0  1 99  0  0 2023-04-02 08:09:30
 0  0  91848 472824 379112 3957584    0    0     0     0  529  928  1  0 99  0  0 2023-04-02 08:09:31
 0  0  91848 472824 379112 3957584    0    0     0     0  600 1061  0  0 100  0  0 2023-04-02 08:09:32
 3  0  91848 472824 379112 3957584    0    0     0     0  550  978  1  0 99  0  0 2023-04-02 08:09:33
 0  0  91848 472824 379112 3957576    0    0     0     0  751 1419  1  0 99  0  0 2023-04-02 08:09:34
 0  0  91848 472824 379116 3957576    0    0     0    16  345  626  0  0 99  0  0 2023-04-02 08:09:35
 0  0  91848 470784 379116 3957576    0    0     0     0  427  779  0  1 100  0  0 2023-04-02 08:09:36
 0  0  91848 472840 379116 3957576    0    0     0     0  647 1118  2  0 99  0  0 2023-04-02 08:09:37
 0  0  91848 472840 379116 3957576    0    0     0     0  664 1127  1  1 99  0  0 2023-04-02 08:09:38
 0  0  91848 472840 379116 3957584    0    0     0     0  528  980  0  0 100  0  0 2023-04-02 08:09:39
procs -----------memory---------- ---swap-- -----io---- -system-- ------cpu----- -----timestamp-----
 r  b   swpd   free   buff  cache   si   so    bi    bo   in   cs us sy id wa st                 UTC
 5  0  91848 472840 379124 3957584    0    0     0    20  453  824  0  0 100  0  0 2023-04-02 08:09:40
 0  0  91848 472840 379124 3957584    0    0     0     0  367  691  0  0 100  0  0 2023-04-02 08:09:41
 0  0  91848 472840 379124 3957584    0    0     0     0  357  617  0  0 99  0  0 2023-04-02 08:09:42
 0  0  91848 472840 379124 3957584    0    0     0     0  329  589  0  0 100  0  0 2023-04-02 08:09:43
 0  0  91848 472840 379124 3957584    0    0     0     0  329  611  0  0 100  0  0 2023-04-02 08:09:44
 0  0  91848 472840 379132 3957576    0    0     0    16  405  743  0  0 100  0  0 2023-04-02 08:09:45
 2  0  91848 470800 379132 3957584    0    0     0     0  336  622  0  0 100  0  0 2023-04-02 08:09:46
 0  0  91848 470800 379132 3957584    0    0     0     0  690 1238  0  0 99  0  0 2023-04-02 08:09:47
 0  0  91848 470800 379132 3957584    0    0     0     0  324  598  0  0 100  0  0 2023-04-02 08:09:48
 0  0  91848 470800 379132 3957584    0    0     0     0  419  753  0  0 100  0  0 2023-04-02 08:09:49
 0  0  91848 470800 379140 3957592    0    0     0    28  417  753  0  0 100  0  0 2023-04-02 08:09:50
 0  0  91848 470800 379140 3957592    0    0     0     0  345  620  0  1 100  0  0 2023-04-02 08:09:51
 0  0  91848 470800 379140 3957592    0    0     0     8  353  634  0  0 100  0  0 2023-04-02 08:09:52
 0  0  91848 470800 379140 3957592    0    0     0     0 1010 1897  0  0 99  0  0 2023-04-02 08:09:53
 0  0  91848 470800 379140 3957592    0    0     0     0  380  716  0  0 100  0  0 2023-04-02 08:09:54
 0  0  91848 470800 379144 3957592    0    0     0    36  347  604  0  0 100  0  0 2023-04-02 08:09:55
 2  0  91848 470816 379144 3957592    0    0     0     0  751 1367  1  1 99  0  0 2023-04-02 08:09:56
 0  0  91848 470816 379144 3957592    0    0     0     0 1204 2089  1  1 99  0  0 2023-04-02 08:09:57
 0  0  91848 470816 379144 3957600    0    0     0     0 1450 2640  1  1 98  0  0 2023-04-02 08:09:58
 0  0  91848 470816 379144 3957600    0    0     0     0  398  723  0  0 100  0  0 2023-04-02 08:09:59
 0  0  91848 470816 379152 3957604    0    0     0    40  365  659  0  0 100  0  0 2023-04-02 08:10:00
procs -----------memory---------- ---swap-- -----io---- -system-- ------cpu----- -----timestamp-----
 r  b   swpd   free   buff  cache   si   so    bi    bo   in   cs us sy id wa st                 UTC
 1  0  91848 470816 379152 3957604    0    0     0     0  525  939  0  1 99  0  0 2023-04-02 08:10:01
 0  0  91848 470816 379152 3957604    0    0     0     0  848 1512  1  1 99  0  0 2023-04-02 08:10:02
 0  0  91848 472872 379152 3957604    0    0     0     0  326  576  0  0 100  0  0 2023-04-02 08:10:03
 0  0  91848 472872 379152 3957604    0    0     0     0  330  598  0  0 100  0  0 2023-04-02 08:10:04
 0  0  91848 472872 379160 3957600    0    0     0    16  380  689  0  0 99  0  0 2023-04-02 08:10:05
 0  0  91848 472872 379160 3957604    0    0     0     0  394  723  0  0 100  0  0 2023-04-02 08:10:06
 0  0  91848 472872 379160 3957604    0    0     0     0 1037 1795  1  1 98  0  0 2023-04-02 08:10:07
 0  0  91848 472872 379160 3957604    0    0     0     0  953 1744  1  1 99  0  0 2023-04-02 08:10:08
 0  0  91848 472872 379160 3957604    0    0     0     0  323  613  0  0 100  0  0 2023-04-02 08:10:09
 0  0  91848 472872 379164 3957604    0    0     0    20  425  758  0  0 99  0  0 2023-04-02 08:10:10
 0  0  91848 472872 379164 3957604    0    0     0     0  371  676  0  0 100  0  0 2023-04-02 08:10:11
 0  0  91848 472872 379164 3957604    0    0     0     0  388  707  0  0 100  0  0 2023-04-02 08:10:12
 0  0  91848 472872 379164 3957604    0    0     0     0  642 1126  0  0 99  0  0 2023-04-02 08:10:13
 0  0  91848 472872 379164 3957604    0    0     0     0  396  729  0  0 100  0  0 2023-04-02 08:10:14
 0  0  91848 472872 379168 3957608    0    0     0    16  344  592  0  0 100  0  0 2023-04-02 08:10:15
 5  0  91848 472872 379168 3957608    0    0     0     0  511  763  2  0 97  0  0 2023-04-02 08:10:16
 0  0  91848 470832 379168 3957608    0    0     0     0  785 1127  3  0 96  0  0 2023-04-02 08:10:17
 0  0  91848 472888 379168 3957608    0    0     0     0  611 1039  0  1 99  0  0 2023-04-02 08:10:18
 0  0  91848 472888 379168 3957608    0    0     0     0  408  744  0  0 99  0  0 2023-04-02 08:10:19
 0  0  91848 472888 379176 3957608    0    0     0    16  365  653  0  0 100  0  0 2023-04-02 08:10:20
 0  0  91848 472888 379176 3957608    0    0     0     8  372  686  0  0 100  0  0 2023-04-02 08:10:21
procs -----------memory---------- ---swap-- -----io---- -system-- ------cpu----- -----timestamp-----
 r  b   swpd   free   buff  cache   si   so    bi    bo   in   cs us sy id wa st                 UTC
 3  0  91848 472888 379176 3957620    0    0     0     0  360  650  0  0 100  0  0 2023-04-02 08:10:22
 1  0  91848 472888 379176 3957620    0    0     0    12  382  717  0  0 100  0  0 2023-04-02 08:10:23
 0  0  91848 472888 379176 3957620    0    0     0     0  443  795  0  0 99  0  0 2023-04-02 08:10:24
 0  0  91848 472888 379184 3957620    0    0     0    36  407  736  0  0 99  0  0 2023-04-02 08:10:25
 1  0  91848 472888 379184 3957620    0    0     0     0  335  614  0  0 100  0  0 2023-04-02 08:10:26
 0  0  91848 472888 379184 3957620    0    0     0     0  420  760  0  1 99  0  0 2023-04-02 08:10:27
 0  0  91848 472888 379184 3957620    0    0     0     0  581 1044  0  0 100  0  0 2023-04-02 08:10:28
 0  0  91848 472888 379184 3957620    0    0     0     0  329  603  0  0 100  0  0 2023-04-02 08:10:29
 0  0  91848 472888 379192 3957620    0    0     0    40  454  813  0  0 99  0  0 2023-04-02 08:10:30
 0  0  91848 472888 379192 3957620    0    0     0     0  476  832  0  0 100  0  0 2023-04-02 08:10:31
 0  0  91848 472888 379192 3957624    0    0     0     0  531  955  0  0 100  0  0 2023-04-02 08:10:32
 0  0  91848 472888 379192 3957624    0    0     0     0  369  700  0  0 100  0  0 2023-04-02 08:10:33
 0  0  91848 472888 379192 3957624    0    0     0     0  331  596  0  0 100  0  0 2023-04-02 08:10:34
 0  0  91848 472888 379200 3957616    0    0     0    16  396  713  0  0 99  0  0 2023-04-02 08:10:35
 0  0  91848 472888 379200 3957616    0    0     0     0  342  612  0  0 100  0  0 2023-04-02 08:10:36
 1  0  91848 472888 379200 3957616    0    0     0     0  643 1114  1  0 99  0  0 2023-04-02 08:10:37
 0  0  91848 472888 379200 3957616    0    0     0     0  652 1182  1  0 99  0  0 2023-04-02 08:10:38
 1  0  91848 472888 379200 3957616    0    0     0     0  355  624  1  0 99  0  0 2023-04-02 08:10:39
 1  0  91848 472888 379208 3957616    0    0     0    16  484  786  1  0 99  0  0 2023-04-02 08:10:40
 0  0  91848 472888 379208 3957616    0    0     0     0  602  734  5  0 95  0  0 2023-04-02 08:10:41
 0  0  91848 472888 379208 3957616    0    0     0     0  671 1184  0  0 99  0  0 2023-04-02 08:10:42
procs -----------memory---------- ---swap-- -----io---- -system-- ------cpu----- -----timestamp-----
 r  b   swpd   free   buff  cache   si   so    bi    bo   in   cs us sy id wa st                 UTC
 3  0  91848 472888 379208 3957620    0    0     0     0  367  681  0  0 100  0  0 2023-04-02 08:10:43
 0  0  91848 472888 379208 3957620    0    0     0     0  382  724  1  0 99  0  0 2023-04-02 08:10:44
 0  0  91848 472888 379212 3957616    0    0     0    16 1095 1900  1  1 99  0  0 2023-04-02 08:10:45
 0  0  91848 472888 379212 3957620    0    0     0     0  409  735  0  0 100  0  0 2023-04-02 08:10:46
